camera_matrix:
- [971.5301270221435, 0.0, 274.48411606670425]
- [0.0, 944.0779624324578, 315.7280413957168]
- [0.0, 0.0, 1.0]
dist_coeff:
- [-0.5977780753650886, 5.2429377237928865, -0.04131928647207657, -0.009937749276889295,
  -20.90690910828289]
