camera_matrix:
- [722.4581688030245, 0.0, 390.50172070649995]
- [0.0, 734.8102746878582, 249.9711857459667]
- [0.0, 0.0, 1.0]
dist_coeff:
- [0.21013602937909384, -0.22112815136012007, 0.0077889316016977565, 0.021929741033034533,
  -0.3232546786647972]
